    unsorted:	 2.467360381 44.37148429 45.57230891 42.14538464 40.02538660 0.1092117710 32.63894627 70.01835836 125.7580407 185.2833967 254.5446823 294.7573244 344.6374991 1487.500897 1445.161356 1536.728059 1040.122022 1711.334095 2615.616473 3458.034103 6871.078947 8417.562197 10503.64943 12224.05684 11968.96064 12804.76923 13838.04166 14648.82571 14981.73542 16711.49797 18453.19871 19266.24107 20761.91336 20950.58773 20308.27569 21515.30736 21662.08667 22542.00265 23188.98860 23702.13303 24891.52321 25230.62786 25336.25828 26021.34615 28972.91598 28855.51458 31100.07267 31332.25061 33687.96558 35925.75854 59531.68342 100868.1608 346457.7583 6854951.472
      sorted:	 0.1092117710 2.467360381 32.63894627 40.02538660 42.14538464 44.37148429 45.57230891 70.01835836 125.7580407 185.2833967 254.5446823 294.7573244 344.6374991 1040.122022 1445.161356 1487.500897 1536.728059 1711.334095 2615.616473 3458.034103 6871.078947 8417.562197 10503.64943 11968.96064 12224.05684 12804.76923 13838.04166 14648.82571 14981.73542 16711.49797 18453.19871 19266.24107 20308.27569 20761.91336 20950.58773 21515.30736 21662.08667 22542.00265 23188.98860 23702.13303 24891.52321 25230.62786 25336.25828 26021.34615 28855.51458 28972.91598 31100.07267 31332.25061 33687.96558 35925.75854 59531.68342 100868.1608 346457.7583 6854951.472
