    unsorted:	 2.467359545 0.08353940786 15.06855688 10.27560585 74.89124911 80.71500125 39.37708514 175.0556712 399.4271907 538.6235888 1410.556123 1592.082848 1598.591953 2232.946699 2604.343842 3923.052324 4359.179143 7577.981575 16257.84562 18673.92828 21067.08234 24220.29061 25950.55722 26562.94350 30158.51718 32403.78106 33735.05856 36339.93203 37026.43081 38471.46747 39444.53830 40632.49769 41214.22816 43731.17562 44213.45953 45624.84701 48847.34184 52849.16746 55639.41828 56124.49894 58334.22827 58948.97774 67275.74417 75278.74376 92634.70009 382316.9614 4065278.345 15078799.26
      sorted:	 0.08353940786 2.467359545 10.27560585 15.06855688 39.37708514 74.89124911 80.71500125 175.0556712 399.4271907 538.6235888 1410.556123 1592.082848 1598.591953 2232.946699 2604.343842 3923.052324 4359.179143 7577.981575 16257.84562 18673.92828 21067.08234 24220.29061 25950.55722 26562.94350 30158.51718 32403.78106 33735.05856 36339.93203 37026.43081 38471.46747 39444.53830 40632.49769 41214.22816 43731.17562 44213.45953 45624.84701 48847.34184 52849.16746 55639.41828 56124.49894 58334.22827 58948.97774 67275.74417 75278.74376 92634.70009 382316.9614 4065278.345 15078799.26
