    unsorted:	 2.467360401 44.11708420 45.47885344 41.64974508 40.02437430 0.09816009596 32.67082229 68.53151491 130.4715198 179.3978327 247.8106648 298.6602138 341.8435089 1498.981523 1558.438617 1412.330973 1685.836631 1039.732282 2547.874913 3605.459551 6458.335819 8367.224324 9796.584629 12218.34298 12771.30500 11962.94386 13835.86645 14837.87618 14895.07421 17662.72287 19360.41332 19037.90493 21091.28763 20370.37685 20804.22517 21347.95305 21652.75310 21961.64680 23317.93123 23800.87569 24640.78142 25171.00254 25957.04559 28762.98679 28842.46348 30303.19635 31132.35479 32849.93215 35829.97461 58383.59623 97417.09824 357621.7938 6456089.160
      sorted:	 0.09816009596 2.467360401 32.67082229 40.02437430 41.64974508 44.11708420 45.47885344 68.53151491 130.4715198 179.3978327 247.8106648 298.6602138 341.8435089 1039.732282 1412.330973 1498.981523 1558.438617 1685.836631 2547.874913 3605.459551 6458.335819 8367.224324 9796.584629 11962.94386 12218.34298 12771.30500 13835.86645 14837.87618 14895.07421 17662.72287 19037.90493 19360.41332 20370.37685 20804.22517 21091.28763 21347.95305 21652.75310 21961.64680 23317.93123 23800.87569 24640.78142 25171.00254 25957.04559 28762.98679 28842.46348 30303.19635 31132.35479 32849.93215 35829.97461 58383.59623 97417.09824 357621.7938 6456089.160
