    unsorted:	 2.467360473 42.27493553 41.73150559 43.83650950 40.01926269 32.87565002 0.06983298067 61.42519689 137.1254206 162.4456322 235.5785181 256.6239960 330.4944520 1472.114537 1585.922486 1639.840997 1274.063068 1037.266373 2405.487719 3450.742802 6368.989151 8350.804257 9876.561087 12214.07018 12759.45529 11924.91114 13832.57314 14777.76436 15646.68574 19298.93194 19424.54443 18623.00094 18335.13992 21137.99664 21001.00487 20681.22081 21623.44837 21882.99040 23319.37104 25151.44251 25946.44979 26977.68434 27993.37645 28821.84664 30808.84291 31128.00449 35810.12002 55399.83575 90464.75873 382256.1372 5533571.126
      sorted:	 0.06983298067 2.467360473 32.87565002 40.01926269 41.73150559 42.27493553 43.83650950 61.42519689 137.1254206 162.4456322 235.5785181 256.6239960 330.4944520 1037.266373 1274.063068 1472.114537 1585.922486 1639.840997 2405.487719 3450.742802 6368.989151 8350.804257 9876.561087 11924.91114 12214.07018 12759.45529 13832.57314 14777.76436 15646.68574 18335.13992 18623.00094 19298.93194 19424.54443 20681.22081 21001.00487 21137.99664 21623.44837 21882.99040 23319.37104 25151.44251 25946.44979 26977.68434 27993.37645 28821.84664 30808.84291 31128.00449 35810.12002 55399.83575 90464.75873 382256.1372 5533571.126
