    unsorted:	 0.2165891281 0.05381202798 0.07507196236 0.4440565669 2.467359981 21.16123087 36.86383175 52.32506723 56.09966179 65.86224734 140.0016294 183.2045315 242.4139599 259.9903106 355.7220040 1596.583016 1628.723551 1480.138809 1726.655768 2281.532753 2526.529874 4159.776510 6366.522951 8211.707442 14075.05305 14201.61577 11171.56697 12604.29214 14905.02257 16111.85711 19723.54389 17946.67538 19164.39739 20197.92741 20609.31183 22081.65648 21771.26707 21392.25419 23224.82880 23620.97687 24547.80949 24835.43744 25799.44534 25488.50495 26123.93562 28916.44905 29076.98418 31231.04000 32117.35198 34610.32591 35831.00620 47723.79614 55421.22365 335988.8737 7366053.121
      sorted:	 0.05381202798 0.07507196236 0.2165891281 0.4440565669 2.467359981 21.16123087 36.86383175 52.32506723 56.09966179 65.86224734 140.0016294 183.2045315 242.4139599 259.9903106 355.7220040 1480.138809 1596.583016 1628.723551 1726.655768 2281.532753 2526.529874 4159.776510 6366.522951 8211.707442 11171.56697 12604.29214 14075.05305 14201.61577 14905.02257 16111.85711 17946.67538 19164.39739 19723.54389 20197.92741 20609.31183 21392.25419 21771.26707 22081.65648 23224.82880 23620.97687 24547.80949 24835.43744 25488.50495 25799.44534 26123.93562 28916.44905 29076.98418 31231.04000 32117.35198 34610.32591 35831.00620 47723.79614 55421.22365 335988.8737 7366053.121
