    unsorted:	 0.05438159452 0.06026105847 0.09348547027 0.1634051988 2.467359636 26.96237172 46.42505820 51.08241700 51.84478980 71.07114583 103.6169767 138.6849015 333.8988872 541.3131224 607.9002796 1810.002150 2305.399832 2881.580806 3560.930198 4900.245710 6969.236986 8921.697250 27001.57759 26608.30742 22337.82728 29473.05348 32349.58273 36647.37581 47349.21005 48050.07844 46537.86010 48927.37694 51804.72104 52226.60685 53598.04161 39898.05008 56411.13010 57800.71685 58349.19171 59923.71061 60378.19488 63738.70323 65815.67725 67820.79142 69104.52781 72546.12954 73486.73842 74723.92392 76844.88903 78224.49854 78918.80551 85751.91632 167001.4458 335755.3806 7876722.501
      sorted:	 0.05438159452 0.06026105847 0.09348547027 0.1634051988 2.467359636 26.96237172 46.42505820 51.08241700 51.84478980 71.07114583 103.6169767 138.6849015 333.8988872 541.3131224 607.9002796 1810.002150 2305.399832 2881.580806 3560.930198 4900.245710 6969.236986 8921.697250 22337.82728 26608.30742 27001.57759 29473.05348 32349.58273 36647.37581 39898.05008 46537.86010 47349.21005 48050.07844 48927.37694 51804.72104 52226.60685 53598.04161 56411.13010 57800.71685 58349.19171 59923.71061 60378.19488 63738.70323 65815.67725 67820.79142 69104.52781 72546.12954 73486.73842 74723.92392 76844.88903 78224.49854 78918.80551 85751.91632 167001.4458 335755.3806 7876722.501
