    unsorted:	 0.05438146048 0.06026092750 0.09348578577 0.1634059919 2.467359631 26.96237110 46.42511902 51.08241922 51.84483175 71.07114808 103.6175566 138.6848965 333.8985356 541.3129497 607.8997174 1810.001924 2305.399234 2881.581832 3560.929010 4900.238504 6969.229653 8921.683654 27001.53951 26608.27400 22337.78749 29473.02114 32349.54248 36647.31163 47349.14308 48050.01157 46537.79706 48927.30618 51804.65188 52226.52043 53598.00278 39898.02085 56411.04940 57800.63460 58349.10814 59923.65257 60378.09815 63738.59754 65815.58170 67820.69707 69104.43331 72546.01087 73486.64628 74723.81092 76844.79349 78224.38517 78918.69375 85751.78974 167001.1438 335755.3809 7876717.916
      sorted:	 0.05438146048 0.06026092750 0.09348578577 0.1634059919 2.467359631 26.96237110 46.42511902 51.08241922 51.84483175 71.07114808 103.6175566 138.6848965 333.8985356 541.3129497 607.8997174 1810.001924 2305.399234 2881.581832 3560.929010 4900.238504 6969.229653 8921.683654 22337.78749 26608.27400 27001.53951 29473.02114 32349.54248 36647.31163 39898.02085 46537.79706 47349.14308 48050.01157 48927.30618 51804.65188 52226.52043 53598.00278 56411.04940 57800.63460 58349.10814 59923.65257 60378.09815 63738.59754 65815.58170 67820.69707 69104.43331 72546.01087 73486.64628 74723.81092 76844.79349 78224.38517 78918.69375 85751.78974 167001.1438 335755.3809 7876717.916
