    unsorted:	 2.467359890 0.2405473973 1.427339807 3.857705985 52.96582125 49.48375563 40.14804849 63.71899811 118.2313438 131.0614017 173.1806033 177.7311132 243.7317951 265.0135484 351.1455108 1474.440097 1574.728379 1617.195061 1750.373557 2332.320422 2562.009072 5291.635572 7812.604680 9252.467661 12524.14397 11912.19575 13892.33711 14761.94417 15083.74108 16532.41286 18236.98594 19278.85571 20116.47784 20627.10329 20727.28963 21660.04605 21533.80108 22189.85444 23384.18468 23670.61155 24576.59555 24955.21685 25657.31471 25921.10214 25982.99500 28728.65239 28826.04569 31096.24542 31707.43910 33858.90793 35422.53313 58331.26765 84772.13434 335972.9202 6668032.284
      sorted:	 0.2405473973 1.427339807 2.467359890 3.857705985 40.14804849 49.48375563 52.96582125 63.71899811 118.2313438 131.0614017 173.1806033 177.7311132 243.7317951 265.0135484 351.1455108 1474.440097 1574.728379 1617.195061 1750.373557 2332.320422 2562.009072 5291.635572 7812.604680 9252.467661 11912.19575 12524.14397 13892.33711 14761.94417 15083.74108 16532.41286 18236.98594 19278.85571 20116.47784 20627.10329 20727.28963 21533.80108 21660.04605 22189.85444 23384.18468 23670.61155 24576.59555 24955.21685 25657.31471 25921.10214 25982.99500 28728.65239 28826.04569 31096.24542 31707.43910 33858.90793 35422.53313 58331.26765 84772.13434 335972.9202 6668032.284
