    unsorted:	 2.467359823 46.33348620 47.04729644 44.95581786 40.00201758 34.03553609 63.63656270 0.02896198569 114.6199730 167.2360616 240.2328502 267.9910465 347.1524831 1663.214271 1749.786649 1545.920772 1022.362405 2097.134161 2685.985886 3342.961278 6998.041823 7990.476746 12293.83179 11966.79136 12844.24012 11687.37820 13789.38292 14858.64181 20754.66701 20749.06308 19093.97176 19214.51482 17942.79181 16981.66917 21507.72956 21556.72771 21952.22545 23155.23025 23925.50392 24406.32934 25015.99522 26123.18418 26237.16566 25752.95649 26999.33092 28468.14250 28789.44592 31059.03772 31596.89841 33299.86052 34702.58793 59104.26754 111220.6926 335945.8568 4821758.039
      sorted:	 0.02896198569 2.467359823 34.03553609 40.00201758 44.95581786 46.33348620 47.04729644 63.63656270 114.6199730 167.2360616 240.2328502 267.9910465 347.1524831 1022.362405 1545.920772 1663.214271 1749.786649 2097.134161 2685.985886 3342.961278 6998.041823 7990.476746 11687.37820 11966.79136 12293.83179 12844.24012 13789.38292 14858.64181 16981.66917 17942.79181 19093.97176 19214.51482 20749.06308 20754.66701 21507.72956 21556.72771 21952.22545 23155.23025 23925.50392 24406.32934 25015.99522 25752.95649 26123.18418 26237.16566 26999.33092 28468.14250 28789.44592 31059.03772 31596.89841 33299.86052 34702.58793 59104.26754 111220.6926 335945.8568 4821758.039
