    unsorted:	 3.149437591 5.405982465 14.60816355 28.02551999 32.64428008 -16.93138579 -20.14363729 43.04115745 -43.52499148 -41.75676156 64.79317437 -158.6239694 199.2279411 189.8964809 -382.5156094 450.0757056 1828.296663 -1023.297896 1550.520465 1747.018607 2029.375619 2364.355952 3212.147976 4913.567274 7235.302446 8422.632456 8621.482684 10890.24685 12826.77522 12634.01805 12381.28595 13378.38215 14505.95988 16170.61127 16974.29462 17704.14696 18069.74459 18410.99222 19628.23695 20379.48610 21820.31364 22116.98867 22816.05424 22967.56835 23586.21842 25563.55648 25843.73665 27504.01305 27982.63305 30514.06147 34343.23978 37303.41771 38026.57853 59665.67873 66881.55528 132267.2271 154747.3362 163981.8177 335983.2193 -294269.8077 -143889025.3 151906356.2
      sorted:	 -143889025.3 -294269.8077 -1023.297896 -382.5156094 -158.6239694 -43.52499148 -41.75676156 -20.14363729 -16.93138579 3.149437591 5.405982465 14.60816355 28.02551999 32.64428008 43.04115745 64.79317437 189.8964809 199.2279411 450.0757056 1550.520465 1747.018607 1828.296663 2029.375619 2364.355952 3212.147976 4913.567274 7235.302446 8422.632456 8621.482684 10890.24685 12381.28595 12634.01805 12826.77522 13378.38215 14505.95988 16170.61127 16974.29462 17704.14696 18069.74459 18410.99222 19628.23695 20379.48610 21820.31364 22116.98867 22816.05424 22967.56835 23586.21842 25563.55648 25843.73665 27504.01305 27982.63305 30514.06147 34343.23978 37303.41771 38026.57853 59665.67873 66881.55528 132267.2271 154747.3362 163981.8177 335983.2193 151906356.2
