    unsorted:	 2.467359621 0.1244490666 0.2378300301 1.164433467 8.186217340 27.02036055 46.00033492 51.52314389 52.24432448 70.97175076 102.7793632 139.1064263 335.1899786 541.4997979 607.9965892 1817.187796 2304.124802 2877.109760 3576.162728 4901.149820 6992.559410 8933.756045 27013.48322 26613.06423 22347.42583 29474.80881 32360.83259 36665.68964 47426.80085 48107.04589 46546.08615 48962.56090 51855.27780 52320.36809 53985.14241 39979.30784 56623.70627 57848.61417 58354.90684 60379.26130 60572.68886 63748.29325 65868.89299 67756.91387 69224.69827 72544.56379 73366.18086 74748.30565 76731.81343 78159.63085 78919.94661 85721.84429 167306.9282 335755.2419 7835994.875
      sorted:	 0.1244490666 0.2378300301 1.164433467 2.467359621 8.186217340 27.02036055 46.00033492 51.52314389 52.24432448 70.97175076 102.7793632 139.1064263 335.1899786 541.4997979 607.9965892 1817.187796 2304.124802 2877.109760 3576.162728 4901.149820 6992.559410 8933.756045 22347.42583 26613.06423 27013.48322 29474.80881 32360.83259 36665.68964 39979.30784 46546.08615 47426.80085 48107.04589 48962.56090 51855.27780 52320.36809 53985.14241 56623.70627 57848.61417 58354.90684 60379.26130 60572.68886 63748.29325 65868.89299 67756.91387 69224.69827 72544.56379 73366.18086 74748.30565 76731.81343 78159.63085 78919.94661 85721.84429 167306.9282 335755.2419 7835994.875
