    unsorted:	 2.467359620 0.1244487559 0.2378301670 1.164433461 8.186224057 27.02036040 46.00039615 51.52314384 52.24436658 70.97175278 102.7799321 139.1064228 335.1896226 541.4996263 607.9960236 1817.187565 2304.124211 2877.110785 3576.161567 4901.142582 6992.552094 8933.742469 27013.44535 26613.03087 22347.38602 29474.77649 32360.79242 36665.62547 47426.73282 48106.97909 46546.02314 48962.49005 51855.20820 52320.27860 53985.09928 39979.27917 56623.62569 57848.53176 58354.82300 60379.17580 60572.62307 63748.18754 65868.79725 67756.81993 69224.60409 72544.44506 73366.08972 74748.19271 76731.71867 78159.51759 78919.83499 85721.71729 167306.6259 335755.2423 7835990.729
      sorted:	 0.1244487559 0.2378301670 1.164433461 2.467359620 8.186224057 27.02036040 46.00039615 51.52314384 52.24436658 70.97175278 102.7799321 139.1064228 335.1896226 541.4996263 607.9960236 1817.187565 2304.124211 2877.110785 3576.161567 4901.142582 6992.552094 8933.742469 22347.38602 26613.03087 27013.44535 29474.77649 32360.79242 36665.62547 39979.27917 46546.02314 47426.73282 48106.97909 48962.49005 51855.20820 52320.27860 53985.09928 56623.62569 57848.53176 58354.82300 60379.17580 60572.62307 63748.18754 65868.79725 67756.81993 69224.60409 72544.44506 73366.08972 74748.19271 76731.71867 78159.51759 78919.83499 85721.71729 167306.6259 335755.2423 7835990.729
