    unsorted:	 0.4495502567 0.3010509194 0.1957623414 2.467359978 20.26228227 37.56421641 52.38373743 50.27152041 59.40804411 66.75780887 138.7640687 182.2075669 244.2096301 268.1023391 355.8702369 1622.889616 1590.843153 1470.725004 1751.635909 2297.485797 2507.513275 4461.002840 7751.296392 8443.752849 11892.10800 12679.20941 14080.73014 14429.15269 14932.06318 16093.77049 18023.59107 19268.27319 19867.16603 20434.06537 20722.30073 21365.22109 21801.78416 22089.39346 23178.28227 23601.52757 24744.22596 24829.84185 25420.34593 25822.21605 26088.20501 28937.23669 29163.74079 31291.10803 32254.07353 34878.86270 36070.62051 48712.20776 56231.44820 336002.5522 8011964.891
      sorted:	 0.1957623414 0.3010509194 0.4495502567 2.467359978 20.26228227 37.56421641 50.27152041 52.38373743 59.40804411 66.75780887 138.7640687 182.2075669 244.2096301 268.1023391 355.8702369 1470.725004 1590.843153 1622.889616 1751.635909 2297.485797 2507.513275 4461.002840 7751.296392 8443.752849 11892.10800 12679.20941 14080.73014 14429.15269 14932.06318 16093.77049 18023.59107 19268.27319 19867.16603 20434.06537 20722.30073 21365.22109 21801.78416 22089.39346 23178.28227 23601.52757 24744.22596 24829.84185 25420.34593 25822.21605 26088.20501 28937.23669 29163.74079 31291.10803 32254.07353 34878.86270 36070.62051 48712.20776 56231.44820 336002.5522 8011964.891
