    unsorted:	 2.467360163 0.06242396611 25.46204193 54.05930454 56.00753298 42.64915738 26.99243991 39.44159122 69.70130738 105.1812538 149.6328329 348.6859293 538.2147352 605.9975517 1161.147355 1811.525868 2261.705819 2854.901452 4069.926371 4917.286519 7450.227100 6620.366543 9247.231270 22373.63726 26640.30172 27560.66382 29516.03391 32483.89581 36732.98803 48477.81776 48147.06760 49660.85799 46625.55170 51878.43026 53397.92567 40690.82138 55867.25167 58492.22211 58640.83014 57853.10111 61658.59195 63723.54250 66163.59130 67377.59636 68037.82579 72473.75917 72807.50550 74728.97271 75032.72124 77454.65599 78708.28405 83024.94156 87261.59295 171176.4317 335739.9248 7595016.506
      sorted:	 0.06242396611 2.467360163 25.46204193 26.99243991 39.44159122 42.64915738 54.05930454 56.00753298 69.70130738 105.1812538 149.6328329 348.6859293 538.2147352 605.9975517 1161.147355 1811.525868 2261.705819 2854.901452 4069.926371 4917.286519 6620.366543 7450.227100 9247.231270 22373.63726 26640.30172 27560.66382 29516.03391 32483.89581 36732.98803 40690.82138 46625.55170 48147.06760 48477.81776 49660.85799 51878.43026 53397.92567 55867.25167 57853.10111 58492.22211 58640.83014 61658.59195 63723.54250 66163.59130 67377.59636 68037.82579 72473.75917 72807.50550 74728.97271 75032.72124 77454.65599 78708.28405 83024.94156 87261.59295 171176.4317 335739.9248 7595016.506
