    unsorted:	 2.467359691 0.1226155708 0.4820133559 1.416692721 52.20382713 51.17758561 45.08830256 25.95039910 70.80954533 88.61649429 104.2453959 142.6719291 168.1681891 336.5153128 541.0884992 608.1131172 1804.842756 2299.361271 2876.019840 3660.827835 4902.235216 7077.202150 8979.725927 29467.29116 26611.47133 27131.24124 22338.36438 32356.88729 36653.13444 49052.42481 48129.46072 47578.31923 46533.44210 40138.09874 51862.63428 52504.08019 54880.92357 56897.92381 57999.48992 58373.79260 60636.49264 63729.87390 63086.37582 66008.57120 67735.83267 69992.31484 72525.51564 73374.52940 74748.97039 76829.79829 78321.32379 79011.12438 85871.53830 168361.3799 335751.1026 7855812.326
      sorted:	 0.1226155708 0.4820133559 1.416692721 2.467359691 25.95039910 45.08830256 51.17758561 52.20382713 70.80954533 88.61649429 104.2453959 142.6719291 168.1681891 336.5153128 541.0884992 608.1131172 1804.842756 2299.361271 2876.019840 3660.827835 4902.235216 7077.202150 8979.725927 22338.36438 26611.47133 27131.24124 29467.29116 32356.88729 36653.13444 40138.09874 46533.44210 47578.31923 48129.46072 49052.42481 51862.63428 52504.08019 54880.92357 56897.92381 57999.48992 58373.79260 60636.49264 63086.37582 63729.87390 66008.57120 67735.83267 69992.31484 72525.51564 73374.52940 74748.97039 76829.79829 78321.32379 79011.12438 85871.53830 168361.3799 335751.1026 7855812.326
