    unsorted:	 2.467359950 0.1434383947 1.751789972 1.248121584 19.20025612 37.31618262 51.96454159 56.96747564 72.43664482 96.42965122 138.5701687 167.4555895 190.0076443 244.2188895 260.9748227 356.5910550 1462.849405 1587.029288 1619.555972 1779.289294 2353.329904 2534.766607 4552.336926 8325.492234 10065.40730 13967.09341 14421.43338 14746.57734 12480.81410 16252.02824 18116.59591 19255.52145 19889.21437 20373.65635 20518.80146 21715.41562 21450.73136 22142.14925 23283.96710 23603.33356 24283.16317 24857.79868 25487.50202 25845.17482 25890.99381 28651.04307 28934.88775 31157.31188 31950.61501 34311.96921 35584.12096 51982.52016 56942.41014 149137.8660 335977.3034 7034296.583
      sorted:	 0.1434383947 1.248121584 1.751789972 2.467359950 19.20025612 37.31618262 51.96454159 56.96747564 72.43664482 96.42965122 138.5701687 167.4555895 190.0076443 244.2188895 260.9748227 356.5910550 1462.849405 1587.029288 1619.555972 1779.289294 2353.329904 2534.766607 4552.336926 8325.492234 10065.40730 12480.81410 13967.09341 14421.43338 14746.57734 16252.02824 18116.59591 19255.52145 19889.21437 20373.65635 20518.80146 21450.73136 21715.41562 22142.14925 23283.96710 23603.33356 24283.16317 24857.79868 25487.50202 25845.17482 25890.99381 28651.04307 28934.88775 31157.31188 31950.61501 34311.96921 35584.12096 51982.52016 56942.41014 149137.8660 335977.3034 7034296.583
