    unsorted:	 2.467359759 0.1988177445 7.107068817 26.84209886 69.99974998 73.05733232 39.28568215 176.5490698 572.0226217 618.1685925 1870.294794 1388.970438 2431.020917 3222.222674 4078.977080 4966.439563 7454.011991 9012.135927 25032.99217 26391.11322 29016.13893 33785.01548 38546.20479 40874.25157 41007.41455 46963.30419 49448.92111 50733.73442 52007.51909 55024.32425 56841.28762 57871.08944 61033.23964 62081.17038 63224.49397 64821.36956 68265.66454 69361.34321 73475.93933 76247.19668 78899.20590 79902.89108 81806.38624 83784.16333 84669.84108 86997.01530 92089.31896 99395.45563 154575.1824 335895.2437 3854004.802 11977769.06
      sorted:	 0.1988177445 2.467359759 7.107068817 26.84209886 39.28568215 69.99974998 73.05733232 176.5490698 572.0226217 618.1685925 1388.970438 1870.294794 2431.020917 3222.222674 4078.977080 4966.439563 7454.011991 9012.135927 25032.99217 26391.11322 29016.13893 33785.01548 38546.20479 40874.25157 41007.41455 46963.30419 49448.92111 50733.73442 52007.51909 55024.32425 56841.28762 57871.08944 61033.23964 62081.17038 63224.49397 64821.36956 68265.66454 69361.34321 73475.93933 76247.19668 78899.20590 79902.89108 81806.38624 83784.16333 84669.84108 86997.01530 92089.31896 99395.45563 154575.1824 335895.2437 3854004.802 11977769.06
