    unsorted:	 2.467359827 0.1988193667 7.107084992 26.84209966 69.99978082 73.05737904 39.28565421 176.5491644 572.0226980 618.1678346 1870.294446 1388.977271 2431.020113 3222.223829 4078.975145 4966.432329 7454.003883 9012.124458 25032.95240 26391.07484 29016.10571 33784.98213 38546.15247 40874.20186 41007.36455 46963.26439 49448.84569 50733.65773 52007.45379 55024.28249 56841.21907 57871.01420 61033.15636 62081.08800 63224.41594 64821.29214 68265.56938 69361.25155 73475.84282 76247.09873 78899.09047 79902.77145 81806.27313 83784.07014 84669.72796 86996.92048 92089.22801 99395.34324 154574.9129 335895.2441 3854010.716 11977766.41
      sorted:	 0.1988193667 2.467359827 7.107084992 26.84209966 39.28565421 69.99978082 73.05737904 176.5491644 572.0226980 618.1678346 1388.977271 1870.294446 2431.020113 3222.223829 4078.975145 4966.432329 7454.003883 9012.124458 25032.95240 26391.07484 29016.10571 33784.98213 38546.15247 40874.20186 41007.36455 46963.26439 49448.84569 50733.65773 52007.45379 55024.28249 56841.21907 57871.01420 61033.15636 62081.08800 63224.41594 64821.29214 68265.56938 69361.25155 73475.84282 76247.09873 78899.09047 79902.77145 81806.27313 83784.07014 84669.72796 86996.92048 92089.22801 99395.34324 154574.9129 335895.2441 3854010.716 11977766.41
