    unsorted:	 2.467360192 0.1917371587 8.827421220 20.75068026 57.61868755 39.33227610 89.47325619 212.4468496 346.9969973 394.0320412 1514.109795 1601.301386 1473.520768 1801.874211 1905.604436 2351.466984 2554.170405 4656.868543 8623.033627 11132.08688 13747.40201 15406.71687 15790.33858 18386.94283 18663.88780 20689.59318 21673.76658 22627.60572 23847.92127 24419.82080 24848.16484 25430.13485 26775.22854 27150.76282 28266.58216 29715.94081 30687.78206 32321.74976 33761.92170 33349.78414 35151.40707 35521.24127 37114.95661 42574.30865 43257.05167 45019.65593 49990.40522 52368.55265 58428.72127 336091.0036 4164946.252 13612268.03
      sorted:	 0.1917371587 2.467360192 8.827421220 20.75068026 39.33227610 57.61868755 89.47325619 212.4468496 346.9969973 394.0320412 1473.520768 1514.109795 1601.301386 1801.874211 1905.604436 2351.466984 2554.170405 4656.868543 8623.033627 11132.08688 13747.40201 15406.71687 15790.33858 18386.94283 18663.88780 20689.59318 21673.76658 22627.60572 23847.92127 24419.82080 24848.16484 25430.13485 26775.22854 27150.76282 28266.58216 29715.94081 30687.78206 32321.74976 33349.78414 33761.92170 35151.40707 35521.24127 37114.95661 42574.30865 43257.05167 45019.65593 49990.40522 52368.55265 58428.72127 336091.0036 4164946.252 13612268.03
