    unsorted:	 2.467360411 45.87993748 47.71117343 42.45441410 40.01994642 33.07544135 0.05673431656 69.17885299 126.5642625 180.5402784 248.7778833 276.0306809 346.1134606 1572.779478 1647.200804 1479.350906 1772.551627 1035.041907 2406.422624 2609.173208 5921.113485 8215.938084 10096.40266 12189.28398 12679.13820 11887.38138 13847.04180 14842.08251 15545.09646 16779.45386 18333.71644 19283.36720 20241.54004 20790.36973 21053.39756 21547.88157 21760.35147 22268.86496 23450.65161 23747.07437 25021.97502 25069.14464 25817.84373 25933.70941 26089.77298 28876.24984 28784.32531 31116.68371 31734.46325 33791.39394 35588.98953 60366.64011 106367.8137 335968.8152 6413202.775
      sorted:	 0.05673431656 2.467360411 33.07544135 40.01994642 42.45441410 45.87993748 47.71117343 69.17885299 126.5642625 180.5402784 248.7778833 276.0306809 346.1134606 1035.041907 1479.350906 1572.779478 1647.200804 1772.551627 2406.422624 2609.173208 5921.113485 8215.938084 10096.40266 11887.38138 12189.28398 12679.13820 13847.04180 14842.08251 15545.09646 16779.45386 18333.71644 19283.36720 20241.54004 20790.36973 21053.39756 21547.88157 21760.35147 22268.86496 23450.65161 23747.07437 25021.97502 25069.14464 25817.84373 25933.70941 26089.77298 28784.32531 28876.24984 31116.68371 31734.46325 33791.39394 35588.98953 60366.64011 106367.8137 335968.8152 6413202.775
