    unsorted:	 2.467359795 46.33348619 47.04730246 44.95581987 40.00201513 34.03534750 63.63656139 0.02896049898 114.6199727 167.2360619 240.2328499 267.9910487 347.1524852 1663.214273 1749.786654 1545.920779 1022.363013 2097.134173 2685.985879 3342.961246 6998.041862 7990.476770 12293.83187 11966.79155 12844.24016 11687.38856 13789.38301 14858.64188 20754.66715 20749.06300 19093.97167 19214.51500 17942.79173 16981.66910 21507.72977 21556.72774 21952.22543 23155.23020 23925.50384 24406.32932 25015.99538 26123.18412 26237.16554 25752.95670 26999.33083 28468.14236 28789.44616 31059.03805 31596.89843 33299.86056 34702.58781 59104.26717 111220.6923 335945.8568 4821758.109
      sorted:	 0.02896049898 2.467359795 34.03534750 40.00201513 44.95581987 46.33348619 47.04730246 63.63656139 114.6199727 167.2360619 240.2328499 267.9910487 347.1524852 1022.363013 1545.920779 1663.214273 1749.786654 2097.134173 2685.985879 3342.961246 6998.041862 7990.476770 11687.38856 11966.79155 12293.83187 12844.24016 13789.38301 14858.64188 16981.66910 17942.79173 19093.97167 19214.51500 20749.06300 20754.66715 21507.72977 21556.72774 21952.22543 23155.23020 23925.50384 24406.32932 25015.99538 25752.95670 26123.18412 26237.16554 26999.33083 28468.14236 28789.44616 31059.03805 31596.89843 33299.86056 34702.58781 59104.26717 111220.6923 335945.8568 4821758.109
