    unsorted:	 2.467359524 0.08259091156 16.20842780 8.789188216 76.18161061 83.27935123 39.33210762 217.4592353 404.5769439 548.5297976 1473.348928 1469.212729 1607.069402 2380.624239 2744.152586 4007.877373 4486.441158 5624.786449 13846.50446 16273.67784 21057.75160 24256.63392 26015.94528 26120.52518 29990.79547 33766.20673 33111.06371 35897.19257 37345.91178 38711.36061 39378.52703 40520.65433 41415.50818 42955.28423 44268.49300 45443.40142 45729.65725 49068.62032 50180.72022 52855.23326 55659.11886 58341.50512 61025.54386 62898.55039 70608.25622 75788.19509 94377.41962 357664.7909 4012762.794 18528922.64
      sorted:	 0.08259091156 2.467359524 8.789188216 16.20842780 39.33210762 76.18161061 83.27935123 217.4592353 404.5769439 548.5297976 1469.212729 1473.348928 1607.069402 2380.624239 2744.152586 4007.877373 4486.441158 5624.786449 13846.50446 16273.67784 21057.75160 24256.63392 26015.94528 26120.52518 29990.79547 33111.06371 33766.20673 35897.19257 37345.91178 38711.36061 39378.52703 40520.65433 41415.50818 42955.28423 44268.49300 45443.40142 45729.65725 49068.62032 50180.72022 52855.23326 55659.11886 58341.50512 61025.54386 62898.55039 70608.25622 75788.19509 94377.41962 357664.7909 4012762.794 18528922.64
