    unsorted:	 2.467359517 0.1153282115 8.384522743 22.76903413 76.72522351 81.80729144 39.31914759 236.6943647 405.9739944 552.7504498 1611.742860 1758.256951 1440.723716 2385.070443 2726.340522 3085.913600 4765.428511 5128.146509 11151.52280 16296.79962 21092.51705 20460.76734 24310.33179 26118.21232 28034.52423 30139.83780 33038.65853 35378.08677 36887.42902 38614.53290 39249.67049 39871.82543 41014.71692 43089.44802 44404.78766 45485.37786 47395.56014 48452.40142 49101.62206 50120.44312 52850.33995 52567.26624 55711.01583 58335.78123 61827.71243 65382.56404 71961.75052 75307.23109 96680.92208 336004.0522 4134784.747 17460243.21
      sorted:	 0.1153282115 2.467359517 8.384522743 22.76903413 39.31914759 76.72522351 81.80729144 236.6943647 405.9739944 552.7504498 1440.723716 1611.742860 1758.256951 2385.070443 2726.340522 3085.913600 4765.428511 5128.146509 11151.52280 16296.79962 20460.76734 21092.51705 24310.33179 26118.21232 28034.52423 30139.83780 33038.65853 35378.08677 36887.42902 38614.53290 39249.67049 39871.82543 41014.71692 43089.44802 44404.78766 45485.37786 47395.56014 48452.40142 49101.62206 50120.44312 52567.26624 52850.33995 55711.01583 58335.78123 61827.71243 65382.56404 71961.75052 75307.23109 96680.92208 336004.0522 4134784.747 17460243.21
