    unsorted:	 2.467359698 0.1417151412 11.03593167 8.893509900 60.22359759 85.73477696 39.33333743 214.1638018 306.1149353 405.2434021 1596.668629 1511.580321 1479.124736 1771.097852 1820.526284 2292.365866 2664.196817 4399.464071 7501.505887 11339.27701 12927.95201 14520.90649 15998.26269 17619.66779 18197.21826 20938.74570 21355.15390 22781.82926 23670.90137 24561.00839 24787.40733 25308.33032 26564.13215 27392.29868 28566.54360 29237.51842 30746.96557 32351.26477 33170.71487 33997.11645 35215.94766 35409.39992 36960.83618 42483.92850 43674.44612 43919.83240 50121.73907 52451.35898 57484.55873 336089.2308 4259156.568 13660578.94
      sorted:	 0.1417151412 2.467359698 8.893509900 11.03593167 39.33333743 60.22359759 85.73477696 214.1638018 306.1149353 405.2434021 1479.124736 1511.580321 1596.668629 1771.097852 1820.526284 2292.365866 2664.196817 4399.464071 7501.505887 11339.27701 12927.95201 14520.90649 15998.26269 17619.66779 18197.21826 20938.74570 21355.15390 22781.82926 23670.90137 24561.00839 24787.40733 25308.33032 26564.13215 27392.29868 28566.54360 29237.51842 30746.96557 32351.26477 33170.71487 33997.11645 35215.94766 35409.39992 36960.83618 42483.92850 43674.44612 43919.83240 50121.73907 52451.35898 57484.55873 336089.2308 4259156.568 13660578.94
