    unsorted:	 2.467359459 0.1639138505 8.562814898 26.46807098 76.21164257 79.37022379 39.32301001 206.5265185 404.8431652 552.4386830 1774.327260 1455.354694 2212.941169 2628.671623 2986.565325 3728.913253 4958.050342 6571.112864 16311.05209 15837.69510 21060.74397 24338.17558 23111.02950 26110.61694 30231.44537 30924.20683 32618.06906 36083.85633 37454.93508 39310.27021 40283.78925 40706.86318 41127.77516 44253.06795 44782.27404 45808.10088 48463.08212 49668.69434 51370.95321 52759.31743 53572.56222 55133.88699 56659.19303 58270.62036 61319.22281 65172.44907 70839.04615 73410.42570 96233.52734 335980.2021 4308949.536 12307918.24
      sorted:	 0.1639138505 2.467359459 8.562814898 26.46807098 39.32301001 76.21164257 79.37022379 206.5265185 404.8431652 552.4386830 1455.354694 1774.327260 2212.941169 2628.671623 2986.565325 3728.913253 4958.050342 6571.112864 15837.69510 16311.05209 21060.74397 23111.02950 24338.17558 26110.61694 30231.44537 30924.20683 32618.06906 36083.85633 37454.93508 39310.27021 40283.78925 40706.86318 41127.77516 44253.06795 44782.27404 45808.10088 48463.08212 49668.69434 51370.95321 52759.31743 53572.56222 55133.88699 56659.19303 58270.62036 61319.22281 65172.44907 70839.04615 73410.42570 96233.52734 335980.2021 4308949.536 12307918.24
