    unsorted:	 2.467359554 0.1021493797 18.26887632 9.649748305 75.53425617 79.13374914 39.35755334 188.2680743 401.6867241 543.9974033 1565.907016 1541.427433 1696.613887 2441.541440 2709.317343 3935.128672 4624.158748 5801.073538 16269.52653 17297.73883 21073.03343 24262.50305 26070.73327 28299.82239 30183.83195 32981.47689 33706.62677 35887.46799 37202.31528 38374.91872 39721.02952 40881.82367 41466.70955 43147.12911 44358.82771 45633.62908 47228.54932 49370.81928 52842.75151 55654.09256 58335.27998 59305.29819 60727.35310 68718.48126 75374.92817 91433.62044 369570.5290 4083431.542 14106661.36
      sorted:	 0.1021493797 2.467359554 9.649748305 18.26887632 39.35755334 75.53425617 79.13374914 188.2680743 401.6867241 543.9974033 1541.427433 1565.907016 1696.613887 2441.541440 2709.317343 3935.128672 4624.158748 5801.073538 16269.52653 17297.73883 21073.03343 24262.50305 26070.73327 28299.82239 30183.83195 32981.47689 33706.62677 35887.46799 37202.31528 38374.91872 39721.02952 40881.82367 41466.70955 43147.12911 44358.82771 45633.62908 47228.54932 49370.81928 52842.75151 55654.09256 58335.27998 59305.29819 60727.35310 68718.48126 75374.92817 91433.62044 369570.5290 4083431.542 14106661.36
