    unsorted:	 2.467359894 0.2161815441 1.183015830 3.847260753 53.05478318 47.80434021 40.13302703 65.38315564 130.4522087 118.7771125 164.9468588 171.8266789 226.6521099 261.1949965 346.6494030 1590.316039 1241.402747 1517.572194 1697.579663 2066.687277 2260.688590 5040.526025 6900.850381 8540.282223 10219.13510 11365.98076 12775.48948 13306.89702 13487.90480 14472.92560 16009.25146 17330.85804 17090.41762 17802.72987 18120.19936 19030.60760 19170.95353 19513.66564 19980.82827 20936.56691 21976.67159 21608.84572 22110.65792 22958.43728 24047.48689 25139.88303 25647.81455 27425.39141 28260.14548 30500.98507 31564.89530 50924.56832 81085.07853 335996.6772 6620036.510
      sorted:	 0.2161815441 1.183015830 2.467359894 3.847260753 40.13302703 47.80434021 53.05478318 65.38315564 118.7771125 130.4522087 164.9468588 171.8266789 226.6521099 261.1949965 346.6494030 1241.402747 1517.572194 1590.316039 1697.579663 2066.687277 2260.688590 5040.526025 6900.850381 8540.282223 10219.13510 11365.98076 12775.48948 13306.89702 13487.90480 14472.92560 16009.25146 17090.41762 17330.85804 17802.72987 18120.19936 19030.60760 19170.95353 19513.66564 19980.82827 20936.56691 21608.84572 21976.67159 22110.65792 22958.43728 24047.48689 25139.88303 25647.81455 27425.39141 28260.14548 30500.98507 31564.89530 50924.56832 81085.07853 335996.6772 6620036.510
