    unsorted:	 2.467359986 0.3192595039 6.901187639 19.86446000 29.36925520 38.52994002 51.88789929 57.46083825 66.13071827 137.1614066 181.7559712 244.2942240 267.7668175 355.7470566 1587.951652 1618.767488 1461.921648 1776.214712 2318.707859 2505.316205 4556.321334 7857.008361 8559.842335 11971.30460 12710.46582 14089.37933 14647.54514 14977.88162 16247.53972 18151.53243 19302.84344 19967.25244 20529.98270 20794.30500 21419.26513 21810.34886 22177.55863 23214.44425 23687.21034 24868.04004 24930.20183 25421.81768 25930.57806 26039.33365 28970.35514 29271.63413 31315.43225 32447.73139 35097.06112 36293.16390 48346.00519 56415.24438 336006.7883 8075246.775
      sorted:	 0.3192595039 2.467359986 6.901187639 19.86446000 29.36925520 38.52994002 51.88789929 57.46083825 66.13071827 137.1614066 181.7559712 244.2942240 267.7668175 355.7470566 1461.921648 1587.951652 1618.767488 1776.214712 2318.707859 2505.316205 4556.321334 7857.008361 8559.842335 11971.30460 12710.46582 14089.37933 14647.54514 14977.88162 16247.53972 18151.53243 19302.84344 19967.25244 20529.98270 20794.30500 21419.26513 21810.34886 22177.55863 23214.44425 23687.21034 24868.04004 24930.20183 25421.81768 25930.57806 26039.33365 28970.35514 29271.63413 31315.43225 32447.73139 35097.06112 36293.16390 48346.00519 56415.24438 336006.7883 8075246.775
