    unsorted:	 2.467359579 0.1562740843 3.247214600 34.26547305 25.63202383 45.50401942 53.01590857 53.66672957 70.61999419 102.8311148 140.6991495 340.0981437 541.1561669 607.0377318 1807.287698 2301.233430 2865.878873 3632.509430 4912.928497 7060.449742 8978.023068 27125.50706 26642.70407 29489.53687 22366.17542 32388.11855 36706.72762 48281.28795 47735.10397 49161.57276 46583.89693 51896.69466 52640.93413 53620.85528 40102.58438 56931.22926 58055.43986 58452.70590 60868.01825 60207.48673 63766.91143 66031.94450 67846.05695 69355.39613 72525.84501 73450.46803 74798.60467 76776.75408 78074.17369 78921.20362 85984.35636 167617.2253 335759.1877 7799789.301
      sorted:	 0.1562740843 2.467359579 3.247214600 25.63202383 34.26547305 45.50401942 53.01590857 53.66672957 70.61999419 102.8311148 140.6991495 340.0981437 541.1561669 607.0377318 1807.287698 2301.233430 2865.878873 3632.509430 4912.928497 7060.449742 8978.023068 22366.17542 26642.70407 27125.50706 29489.53687 32388.11855 36706.72762 40102.58438 46583.89693 47735.10397 48281.28795 49161.57276 51896.69466 52640.93413 53620.85528 56931.22926 58055.43986 58452.70590 60207.48673 60868.01825 63766.91143 66031.94450 67846.05695 69355.39613 72525.84501 73450.46803 74798.60467 76776.75408 78074.17369 78921.20362 85984.35636 167617.2253 335759.1877 7799789.301
