    unsorted:	 2.467359529 0.1562738193 3.247207270 34.26563934 25.63203319 45.50408568 53.01590345 53.66679126 70.61999692 102.8316448 140.6991544 340.0977799 541.1559963 607.0371635 1807.287421 2301.232840 2865.879874 3632.508290 4912.921223 7060.442416 8978.009708 27125.46918 26642.67104 29489.50453 22366.13569 32388.07850 36706.66343 48281.22132 47735.03400 49161.50123 46583.83390 51896.62555 52640.84314 53620.81843 40102.55720 56931.14964 58055.35675 58452.62214 60867.91445 60207.42975 63766.80601 66031.84767 67845.96393 69355.30037 72525.72639 73450.37824 74798.49200 76776.65975 78074.06113 78921.09236 85984.22904 167616.9226 335759.1881 7799785.564
      sorted:	 0.1562738193 2.467359529 3.247207270 25.63203319 34.26563934 45.50408568 53.01590345 53.66679126 70.61999692 102.8316448 140.6991544 340.0977799 541.1559963 607.0371635 1807.287421 2301.232840 2865.879874 3632.508290 4912.921223 7060.442416 8978.009708 22366.13569 26642.67104 27125.46918 29489.50453 32388.07850 36706.66343 40102.55720 46583.83390 47735.03400 48281.22132 49161.50123 51896.62555 52640.84314 53620.81843 56931.14964 58055.35675 58452.62214 60207.42975 60867.91445 63766.80601 66031.84767 67845.96393 69355.30037 72525.72639 73450.37824 74798.49200 76776.65975 78074.06113 78921.09236 85984.22904 167616.9226 335759.1881 7799785.564
