    unsorted:	 2.467359446 0.1639133262 76.21163992 79.37022007 26.46807131 8.562789284 39.32303730 206.5265127 404.8430331 552.4386225 1774.327293 1455.347801 2212.941193 2628.670070 2986.564827 3728.913256 4958.048893 6571.112828 16311.05213 15837.69517 21060.74402 24338.17570 23111.02916 26110.61702 30231.44541 30924.20691 32618.06858 36083.85501 37454.93324 39310.27029 40283.78849 40706.86137 41127.77505 44253.06758 44782.27421 45808.10111 48463.06628 49668.69388 51370.95296 52759.31745 53572.56221 55133.88721 56659.19320 58270.62040 61319.22254 65172.44878 70839.04577 73410.42509 96233.52737 335980.2021 4308944.807 12307917.64
      sorted:	 0.1639133262 2.467359446 8.562789284 26.46807131 39.32303730 76.21163992 79.37022007 206.5265127 404.8430331 552.4386225 1455.347801 1774.327293 2212.941193 2628.670070 2986.564827 3728.913256 4958.048893 6571.112828 15837.69517 16311.05213 21060.74402 23111.02916 24338.17570 26110.61702 30231.44541 30924.20691 32618.06858 36083.85501 37454.93324 39310.27029 40283.78849 40706.86137 41127.77505 44253.06758 44782.27421 45808.10111 48463.06628 49668.69388 51370.95296 52759.31745 53572.56221 55133.88721 56659.19320 58270.62040 61319.22254 65172.44878 70839.04577 73410.42509 96233.52737 335980.2021 4308944.807 12307917.64
