    unsorted:	 2.467359713 0.08222456381 17.82673063 9.198256728 76.60085493 84.42941455 39.34325022 240.9523910 407.9600918 551.1964003 1473.085164 1503.734254 1611.489673 2433.425271 2786.479475 3984.538572 4775.010115 5520.553962 13806.99055 16278.41034 21062.23703 22146.21137 24276.55592 26070.42770 30042.35027 31334.98491 33809.76840 35445.08356 36760.48875 39228.77504 38819.18173 40650.67359 41318.12542 42558.66796 44360.46091 45845.15032 45765.48611 48147.14562 49511.19153 51465.47907 52856.02739 55669.01499 58341.82656 61693.50069 64662.00099 71772.42480 75825.32416 96231.01972 346493.9628 4143423.316 19708838.29
      sorted:	 0.08222456381 2.467359713 9.198256728 17.82673063 39.34325022 76.60085493 84.42941455 240.9523910 407.9600918 551.1964003 1473.085164 1503.734254 1611.489673 2433.425271 2786.479475 3984.538572 4775.010115 5520.553962 13806.99055 16278.41034 21062.23703 22146.21137 24276.55592 26070.42770 30042.35027 31334.98491 33809.76840 35445.08356 36760.48875 38819.18173 39228.77504 40650.67359 41318.12542 42558.66796 44360.46091 45765.48611 45845.15032 48147.14562 49511.19153 51465.47907 52856.02739 55669.01499 58341.82656 61693.50069 64662.00099 71772.42480 75825.32416 96231.01972 346493.9628 4143423.316 19708838.29
