    unsorted:	 2.467360396 43.44813608 44.46515158 42.06905099 40.01673884 33.09163744 62.05571589 0.04454852909 132.6318197 167.9545425 239.2640849 267.8905228 335.8280401 1493.749855 1372.325578 1604.836326 1709.461976 1034.732780 2489.000449 2542.510101 6565.584873 8312.500454 9769.459847 12209.28705 12730.51855 11884.07769 13839.97573 14866.02783 15395.96724 18076.33958 18694.09635 19344.73339 19945.32164 20402.65652 20794.17232 21529.46761 21669.90744 22302.94157 23175.81925 23642.10067 25103.89772 25897.48150 28311.35986 28781.46222 29120.87211 31127.67049 31756.51469 35679.54910 55497.96068 93858.66420 369527.7066 5494312.461
      sorted:	 0.04454852909 2.467360396 33.09163744 40.01673884 42.06905099 43.44813608 44.46515158 62.05571589 132.6318197 167.9545425 239.2640849 267.8905228 335.8280401 1034.732780 1372.325578 1493.749855 1604.836326 1709.461976 2489.000449 2542.510101 6565.584873 8312.500454 9769.459847 11884.07769 12209.28705 12730.51855 13839.97573 14866.02783 15395.96724 18076.33958 18694.09635 19344.73339 19945.32164 20402.65652 20794.17232 21529.46761 21669.90744 22302.94157 23175.81925 23642.10067 25103.89772 25897.48150 28311.35986 28781.46222 29120.87211 31127.67049 31756.51469 35679.54910 55497.96068 93858.66420 369527.7066 5494312.461
